1 0.06171875 0.7625 0.1234375 0.165625
1 0.06171875 0.61953125 0.09453125 0.12109375
3 0.24296875 0.5078125 0.05859375 0.09375
2 0.1640625 0.43125 0.021875 0.0640625
2 0.27578125 0.315625 0.0140625 0.03359375
1 0.228125 0.35703125 0.03515625 0.04375
2 0.3140625 0.29296875 0.009375 0.03203125
3 0.3609375 0.278125 0.02109375 0.0390625
1 0.384375 0.29375 0.021875 0.028125
1 0.3859375 0.3234375 0.02421875 0.03359375
1 0.3546875 0.3796875 0.0296875 0.046875
1 0.38515625 0.26796875 0.01640625 0.02109375
1 0.41328125 0.265625 0.015625 0.0234375
1 0.40234375 0.2515625 0.0140625 0.01875
1 0.4296875 0.27265625 0.01796875 0.028125
2 0.43359375 0.2390625 0.00625 0.01796875
1 0.42578125 0.2375 0.01015625 0.01875
1 0.44375 0.240625 0.01171875 0.0171875
0 0.446875 0.28046875 0.021875 0.06640625
2 0.3953125 0.246875 0.00625 0.0203125
2 0.6 0.22265625 0.003125 0.0140625
2 0.59375 0.23203125 0.00390625 0.0171875
2 0.59765625 0.23984375 0.0046875 0.015625
2 0.64296875 0.3359375 0.01015625 0.03515625
2 0.6875 0.3703125 0.0109375 0.04375
2 0.66015625 0.36484375 0.01015625 0.04140625
2 0.89453125 0.53984375 0.03203125 0.0765625
1 0.93359375 0.6171875 0.1046875 0.08828125
1 0.75703125 0.47734375 0.05625 0.065625
1 0.68359375 0.4859375 0.05390625 0.0640625
3 0.62890625 0.490625 0.05546875 0.0828125
1 0.596875 0.3546875 0.02578125 0.03828125
3 0.55703125 0.33984375 0.021875 0.03515625
1 0.5453125 0.303125 0.01640625 0.02734375
1 0.5734375 0.3046875 0.01796875 0.02734375
1 0.5953125 0.29375 0.01796875 0.0265625
1 0.6046875 0.27734375 0.01484375 0.0203125
1 0.571875 0.278125 0.01328125 0.02265625
1 0.54140625 0.271875 0.0140625 0.021875
1 0.5484375 0.24609375 0.0125 0.01953125
3 0.59609375 0.26015625 0.01171875 0.0265625
1 0.58046875 0.25703125 0.0125 0.01953125
1 0.5671875 0.24765625 0.0109375 0.01796875
1 0.6421875 0.2828125 0.01640625 0.02265625
1 0.56328125 0.23515625 0.009375 0.01484375
1 0.584375 0.24453125 0.01171875 0.01640625
1 0.9078125 0.90859375 0.18359375 0.18203125