3 0.1765625 0.884375 0.11953125 0.21328125
1 0.38828125 0.634375 0.0640625 0.1078125
1 0.34609375 0.3828125 0.03671875 0.06171875
1 0.46328125 0.365625 0.0296875 0.05
1 0.4328125 0.33125 0.02734375 0.04375
1 0.50703125 0.31328125 0.02421875 0.03671875
1 0.47421875 0.328125 0.0125 0.040625
1 0.4625 0.26953125 0.01953125 0.0296875
1 0.4328125 0.2671875 0.02109375 0.03046875
1 0.41875 0.25 0.01953125 0.028125
1 0.39765625 0.26953125 0.0234375 0.03046875
1 0.49609375 0.25390625 0.0171875 0.02890625
1 0.48046875 0.24296875 0.0171875 0.02421875
1 0.48125 0.2234375 0.0171875 0.0203125
1 0.46640625 0.20625 0.0140625 0.0203125
1 0.48359375 0.19296875 0.01171875 0.0171875
1 0.52109375 0.203125 0.0125 0.0171875
1 0.50546875 0.20078125 0.01171875 0.0171875
1 0.49765625 0.19453125 0.00703125 0.01640625
1 0.49453125 0.18046875 0.01015625 0.01640625
1 0.5140625 0.19140625 0.0109375 0.01484375
2 0.53125 0.196875 0.00625 0.01875
1 0.5296875 0.18046875 0.01015625 0.01484375
1 0.54453125 0.17578125 0.00859375 0.0140625
1 0.509375 0.17109375 0.009375 0.01328125
1 0.5171875 0.16484375 0.01015625 0.0140625
1 0.2578125 0.24453125 0.03046875 0.028125
1 0.22421875 0.225 0.028125 0.0296875
1 0.19609375 0.221875 0.0265625 0.02890625
1 0.2015625 0.24765625 0.0296875 0.02265625
1 0.1921875 0.275 0.0328125 0.0359375
1 0.13984375 0.2765625 0.03828125 0.03515625
1 0.11328125 0.3234375 0.04609375 0.04609375
1 0.04453125 0.3671875 0.05859375 0.05859375