1 0.22578125 0.73515625 0.084375 0.159375
1 0.33671875 0.43125 0.040625 0.06640625
1 0.24765625 0.46171875 0.05078125 0.0796875
1 0.26640625 0.36015625 0.03671875 0.04609375
1 0.24765625 0.33984375 0.03125 0.03515625
1 0.37890625 0.3484375 0.02578125 0.040625
1 0.36171875 0.31953125 0.02578125 0.0390625
1 0.578125 0.41328125 0.03984375 0.04453125
1 0.68984375 0.4859375 0.028125 0.06875
1 0.828125 0.56953125 0.075 0.0796875
1 0.94375 0.8078125 0.1125 0.146875
3 0.63203125 0.39375 0.034375 0.05703125
3 0.315625 0.33671875 0.02734375 0.06640625
0 0.421875 0.35078125 0.05 0.1125
4 0.378125 0.28359375 0.0296875 0.05234375
1 0.3484375 0.28515625 0.01875 0.02421875
1 0.425 0.27734375 0.01796875 0.02734375
1 0.40703125 0.2734375 0.01484375 0.02265625
1 0.43671875 0.26875 0.0125 0.021875
1 0.3984375 0.2640625 0.0109375 0.0171875
1 0.4484375 0.2640625 0.01015625 0.0171875
1 0.5421875 0.3140625 0.0171875 0.03125
1 0.60234375 0.3 0.01640625 0.02421875
1 0.6390625 0.29375 0.015625 0.0234375
1 0.5796875 0.25390625 0.0109375 0.01640625
1 0.5859375 0.26328125 0.0015625 0.0015625
1 0.56171875 0.2609375 0.01171875 0.015625
1 0.54296875 0.26484375 0.0109375 0.0171875
1 0.54921875 0.24765625 0.00859375 0.01640625
1 0.4484375 0.2328125 0.00859375 0.015625
1 0.46953125 0.23359375 0.00859375 0.0140625
1 0.5640625 0.25 0.01015625 0.01015625
1 0.5640625 0.23828125 0.0078125 0.01328125
1 0.5796875 0.2359375 0.0078125 0.0125
1 0.5546875 0.23125 0.00859375 0.01171875
3 0.47109375 0.21875 0.00703125 0.01484375
2 0.59375 0.22734375 0.00546875 0.015625