2 0.9828125 0.6140625 0.034375 0.09140625
2 0.70234375 0.3875 0.021875 0.053125
2 0.6546875 0.35390625 0.0125 0.0453125
1 0.73203125 0.54609375 0.06796875 0.078125
1 0.80546875 0.5234375 0.0734375 0.07890625
1 0.60703125 0.36953125 0.03203125 0.04296875
3 0.5625 0.35625 0.02734375 0.04453125
1 0.1328125 0.64140625 0.09296875 0.12265625
1 0.1265625 0.53359375 0.0734375 0.096875
2 0.03828125 0.60390625 0.028125 0.10546875
3 0.2671875 0.4578125 0.0484375 0.08203125
2 0.1921875 0.403125 0.01796875 0.05546875
1 0.2484375 0.340625 0.03359375 0.04453125
1 0.3671875 0.35703125 0.03125 0.0421875
1 0.3953125 0.309375 0.02421875 0.0328125
3 0.36953125 0.27265625 0.02109375 0.034375