1 0.94921875 0.690625 0.1015625 0.1
1 0.81328125 0.7453125 0.0953125 0.1015625
1 0.7265625 0.759375 0.0859375 0.103125
4 0.7796875 0.57890625 0.10078125 0.14921875
1 0.56328125 0.4703125 0.03515625 0.04609375
1 0.61953125 0.41171875 0.02578125 0.0328125
3 0.64375 0.49375 0.03203125 0.059375
1 0.3390625 0.46953125 0.03515625 0.04921875
1 0.25390625 0.50625 0.04609375 0.06171875
1 0.1765625 0.47265625 0.04609375 0.053125
1 0.28359375 0.41171875 0.0296875 0.03671875
1 0.328125 0.40625 0.0265625 0.03828125
3 0.375 0.36328125 0.02265625 0.04609375
1 0.346875 0.36328125 0.02109375 0.03046875
3 0.26171875 0.39609375 0.0296875 0.03828125