1 0.36640625 0.73203125 0.06953125 0.10546875
1 0.3484375 0.57421875 0.04765625 0.0671875
1 0.2828125 0.5640625 0.04921875 0.05625
1 0.35625 0.49765625 0.0359375 0.05078125
1 0.34296875 0.459375 0.034375 0.046875
1 0.375 0.42578125 0.02734375 0.03984375
1 0.41328125 0.453125 0.02734375 0.04296875
1 0.446875 0.46875 0.028125 0.0453125
1 0.49609375 0.48046875 0.02890625 0.0484375
1 0.478125 0.43203125 0.02265625 0.0390625
1 0.46328125 0.39765625 0.02109375 0.03203125
1 0.428125 0.38515625 0.021875 0.03203125
1 0.39375 0.3890625 0.02265625 0.02890625
1 0.45625 0.35703125 0.0171875 0.02421875
1 0.5140625 0.3546875 0.01328125 0.025
1 0.49453125 0.35625 0.01484375 0.0234375
1 0.46875 0.3375 0.01484375 0.01953125
1 0.490625 0.33125 0.0140625 0.02265625
1 0.51015625 0.33125 0.01171875 0.02109375
3 0.49453125 0.39921875 0.021875 0.04765625
3 0.4359375 0.34140625 0.01484375 0.0328125
2 0.49375 0.36953125 0.009375 0.01328125
2 0.53125 0.325 0.00546875 0.0203125
2 0.525 0.3140625 0.0046875 0.015625
2 0.5328125 0.30625 0.0046875 0.01484375
1 0.46953125 0.321875 0.01171875 0.01640625
1 0.48984375 0.31796875 0.0109375 0.01640625
1 0.54375 0.29609375 0.00859375 0.0125
1 0.27421875 0.35234375 0.02265625 0.025
1 0.228125 0.34453125 0.02421875 0.02578125
1 0.22578125 0.3765625 0.0296875 0.0296875
1 0.18515625 0.403125 0.03515625 0.0390625
1 0.140625 0.37265625 0.034375 0.03125
1 0.1234375 0.434375 0.04609375 0.04375
1 0.021875 0.4484375 0.04375 0.05625