1 0.84375 0.83125 0.1515625 0.16796875
1 0.8953125 0.58125 0.090625 0.08828125
1 0.740625 0.459375 0.05390625 0.06875
3 0.61796875 0.471875 0.05546875 0.08359375
1 0.6546875 0.4640625 0.0234375 0.06875
2 0.86171875 0.5140625 0.02578125 0.07265625
2 0.65390625 0.35625 0.01171875 0.04609375
2 0.6375 0.32890625 0.0109375 0.0328125
1 0.59375 0.34609375 0.025 0.03828125
1 0.5453125 0.2984375 0.01484375 0.028125
1 0.571875 0.3 0.01640625 0.02890625
3 0.5546875 0.33515625 0.0203125 0.03828125
1 0.59375 0.2890625 0.0171875 0.028125
1 0.6046875 0.275 0.01640625 0.0234375
1 0.571875 0.2734375 0.01171875 0.02109375
3 0.22890625 0.53515625 0.06328125 0.10625
2 0.14921875 0.446875 0.01875 0.0625
1 0.21875 0.36484375 0.0375 0.04921875
1 0.34921875 0.38984375 0.03046875 0.05546875
1 0.38203125 0.32890625 0.02578125 0.03828125
1 0.38046875 0.29765625 0.02109375 0.028125
2 0.30703125 0.30078125 0.01015625 0.03515625
2 0.26796875 0.321875 0.0109375 0.03359375
3 0.35703125 0.28203125 0.02265625 0.04453125
0 0.446875 0.2796875 0.021875 0.06640625
1 0.4265625 0.27578125 0.0171875 0.03125
1 0.4109375 0.26875 0.01484375 0.0234375
1 0.38203125 0.26953125 0.01640625 0.02265625
1 0.39921875 0.25390625 0.01484375 0.01875
1 0.4203125 0.25546875 0.01328125 0.01328125
1 0.40390625 0.23984375 0.01328125 0.01484375
2 0.39296875 0.2484375 0.00546875 0.01875
2 0.43125 0.2390625 0.00546875 0.01640625
1 0.4234375 0.23671875 0.01015625 0.01640625
1 0.4421875 0.24140625 0.0125 0.01796875
1 0.4375 0.2296875 0.01171875 0.01328125
1 0.44375 0.22265625 0.00859375 0.01328125
1 0.465625 0.2296875 0.009375 0.01640625
1 0.5421875 0.26953125 0.0140625 0.02109375
1 0.5796875 0.2546875 0.0125 0.01875
1 0.5671875 0.246875 0.0109375 0.01796875
1 0.5484375 0.24375 0.0109375 0.01875
1 0.55078125 0.2265625 0.0078125 0.0125
1 0.5640625 0.23359375 0.00859375 0.01328125
2 0.59765625 0.23828125 0.00546875 0.015625
2 0.59375 0.23125 0.0046875 0.01640625
1 0.57890625 0.23828125 0.0109375 0.01484375
3 0.596875 0.2578125 0.01171875 0.025
1 0.6421875 0.28359375 0.01875 0.0234375