1 0.30390625 0.90625 0.0828125 0.14921875
1 0.16484375 0.87890625 0.1109375 0.15859375
1 0.33671875 0.66015625 0.05234375 0.08984375
0 0.43046875 0.5859375 0.06328125 0.20546875
3 0.5453125 0.67734375 0.053125 0.1015625
1 0.3546875 0.4875 0.03203125 0.04609375
1 0.39765625 0.48828125 0.0328125 0.04765625
1 0.42421875 0.459375 0.02890625 0.03828125
1 0.38984375 0.4390625 0.0234375 0.03828125
1 0.43046875 0.4328125 0.02265625 0.0203125
1 0.425 0.41171875 0.02421875 0.025
1 0.4390625 0.39296875 0.0203125 0.0234375
1 0.06484375 0.5046875 0.05546875 0.06171875
1 0.06953125 0.4375 0.0453125 0.04453125
1 0.17265625 0.4453125 0.03828125 0.04140625
1 0.14453125 0.43125 0.0375 0.03828125
1 0.22421875 0.4015625 0.0296875 0.03671875
1 0.19453125 0.39375 0.0265625 0.03359375
1 0.1296875 0.403125 0.02890625 0.03359375
2 0.103125 0.39921875 0.01328125 0.0390625
2 0.234375 0.36484375 0.00703125 0.0296875
2 0.2265625 0.35859375 0.00703125 0.021875
1 0.2203125 0.3796875 0.0234375 0.0234375
1 0.28046875 0.390625 0.021875 0.02109375
1 0.28671875 0.371875 0.02265625 0.02109375
2 0.31171875 0.34296875 0.00703125 0.01484375
2 0.51796875 0.38359375 0.0078125 0.02421875
2 0.50703125 0.384375 0.00703125 0.025
2 0.55078125 0.34140625 0.00390625 0.01484375
2 0.5484375 0.32890625 0.00390625 0.0140625
1 0.5296875 0.3515625 0.01015625 0.0171875
1 0.5015625 0.34765625 0.0109375 0.0171875
3 0.49765625 0.3734375 0.0140625 0.025
1 0.48515625 0.346875 0.0109375 0.01640625
1 0.48125 0.37265625 0.01484375 0.021875
1 0.45703125 0.3671875 0.015625 0.02109375
1 0.54296875 0.32578125 0.00703125 0.0109375
1 0.53671875 0.31796875 0.00625 0.00859375
1 0.15234375 0.40625 0.03359375 0.0234375