2 0.03828125 0.715625 0.0375 0.125
3 0.2859375 0.42578125 0.0484375 0.07890625
1 0.165625 0.4875 0.0625 0.0859375
1 0.2625 0.33203125 0.0328125 0.0484375
1 0.3765625 0.33828125 0.025 0.04140625
2 0.21328125 0.384375 0.01796875 0.05078125
2 0.09609375 0.52890625 0.02578125 0.09921875
2 0.303125 0.29375 0.015625 0.028125
2 0.70234375 0.4109375 0.0140625 0.0578125
2 0.7203125 0.3984375 0.01796875 0.05078125
2 0.609375 0.79140625 0.04140625 0.1484375
3 0.56875 0.37421875 0.02734375 0.053125
1 0.54921875 0.31953125 0.0234375 0.03671875
1 0.61796875 0.384375 0.03515625 0.04609375
1 0.8609375 0.56953125 0.08828125 0.096875
1 0.79453125 0.6125 0.0859375 0.10390625
3 0.71640625 0.6078125 0.07265625 0.12265625
1 0.175 0.5765625 0.0796875 0.096875
1 0.40234375 0.30078125 0.02578125 0.03203125
3 0.37734375 0.2671875 0.02109375 0.04375
1 0.58203125 0.3203125 0.01796875 0.0390625
1 0.60546875 0.31015625 0.0234375 0.03671875