1 0.50625 0.3796875 0.01484375 0.0265625
1 0.46875 0.36328125 0.0171875 0.02421875
1 0.43515625 0.36953125 0.01640625 0.025
1 0.4421875 0.38984375 0.01875 0.0265625
1 0.465625 0.40625 0.01953125 0.0390625
1 0.49375 0.403125 0.01796875 0.03125
1 0.43515625 0.42109375 0.02265625 0.03984375
1 0.3921875 0.4234375 0.02734375 0.03671875
1 0.40078125 0.3984375 0.0234375 0.01953125
1 0.52421875 0.32421875 0.009375 0.01484375
1 0.50625 0.31484375 0.01015625 0.01328125
2 0.5328125 0.32578125 0.00546875 0.0171875
2 0.53828125 0.34140625 0.00546875 0.01796875
2 0.4984375 0.45703125 0.01328125 0.04375
2 0.48203125 0.46875 0.01328125 0.04453125
1 0.37109375 0.5953125 0.0421875 0.06953125
1 0.28046875 0.61953125 0.05234375 0.0734375
1 0.34296875 0.51171875 0.0375 0.05546875
1 0.35078125 0.73671875 0.06171875 0.11171875
1 0.178125 0.83515625 0.09296875 0.12890625
1 0.2578125 0.92265625 0.10390625 0.1546875
1 0.0796875 0.4828125 0.04921875 0.053125
3 0.1125 0.4109375 0.0484375 0.075
1 0.1609375 0.434375 0.03671875 0.04375
1 0.23359375 0.39375 0.02890625 0.03046875
1 0.25859375 0.35390625 0.021875 0.0265625
1 0.2890625 0.36796875 0.0171875 0.0234375
2 0.2875 0.3296875 0.0078125 0.0171875
2 0.3140625 0.3203125 0.00703125 0.0171875