1 0.109375 0.68046875 0.1078125 0.13359375
1 0.10390625 0.5625 0.08203125 0.10078125
1 0.24140625 0.346875 0.0359375 0.04453125
1 0.36328125 0.3640625 0.02890625 0.0453125
2 0.1828125 0.4109375 0.01953125 0.05703125
3 0.25859375 0.47421875 0.05078125 0.08671875
2 0.28671875 0.30703125 0.01171875 0.03515625
2 0.321875 0.2859375 0.01171875 0.03125
3 0.3671875 0.27421875 0.021875 0.03671875
1 0.39140625 0.3140625 0.02734375 0.03515625
2 0.94921875 0.58671875 0.0390625 0.08828125
1 0.7859375 0.50390625 0.06953125 0.0890625
1 0.7125 0.51953125 0.06484375 0.08046875
3 0.63984375 0.52421875 0.05 0.09921875
2 0.69609375 0.3796875 0.01796875 0.04609375
2 0.65078125 0.34375 0.0125 0.0375
1 0.60234375 0.3625 0.03125 0.04296875
3 0.559375 0.3515625 0.025 0.0421875
1 0.59765625 0.2984375 0.01875 0.028125
1 0.575 0.31015625 0.01796875 0.028125
1 0.54609375 0.3078125 0.01796875 0.03125