3 0.21328125 0.56796875 0.07265625 0.1234375
1 0.79453125 0.7546875 0.13359375 0.1515625
1 0.86015625 0.54765625 0.08515625 0.08359375
2 0.83359375 0.4890625 0.0234375 0.06875
2 0.1328125 0.46328125 0.02109375 0.06875
1 0.20703125 0.37265625 0.0390625 0.05
1 0.34296875 0.403125 0.034375 0.05390625
3 0.60703125 0.453125 0.04921875 0.078125
1 0.6484375 0.44140625 0.03359375 0.05859375
1 0.72421875 0.44140625 0.05078125 0.06328125
2 0.26015625 0.3265625 0.01171875 0.03203125
2 0.30234375 0.30234375 0.00859375 0.040625
2 0.6484375 0.34765625 0.0109375 0.03984375
2 0.63359375 0.32265625 0.00859375 0.03671875
1 0.37578125 0.334375 0.02578125 0.03984375
1 0.59140625 0.3421875 0.0234375 0.034375
1 0.553125 0.328125 0.01953125 0.0359375
1 0.54375 0.29765625 0.01640625 0.02578125
1 0.57109375 0.29765625 0.0171875 0.02734375
1 0.59296875 0.28828125 0.01640625 0.0265625
1 0.60390625 0.27265625 0.01484375 0.02109375
1 0.57265625 0.2734375 0.015625 0.0203125
1 0.5421875 0.2671875 0.01328125 0.02265625
1 0.6421875 0.28125 0.01796875 0.0203125
3 0.596875 0.25625 0.0125 0.02890625
1 0.57890625 0.25390625 0.0109375 0.01640625
1 0.565625 0.24453125 0.009375 0.01796875
1 0.5484375 0.24140625 0.01015625 0.0203125
2 0.59765625 0.2375 0.00546875 0.01484375
1 0.3765625 0.30078125 0.02109375 0.0296875
3 0.35234375 0.28828125 0.021875 0.040625
1 0.4234375 0.27890625 0.0171875 0.0296875
1 0.4078125 0.27109375 0.01640625 0.0234375
1 0.37890625 0.271875 0.01640625 0.0265625
1 0.3953125 0.2546875 0.01484375 0.01953125
1 0.4015625 0.24453125 0.0140625 0.0171875
1 0.41796875 0.25703125 0.01484375 0.01640625
1 0.440625 0.24375 0.01171875 0.0203125
1 0.42265625 0.23984375 0.01015625 0.01875
2 0.42890625 0.24140625 0.00625 0.01796875
0 0.44609375 0.28125 0.02109375 0.06484375