1 0.39609375 0.70078125 0.059375 0.1296875
1 0.21171875 0.83671875 0.10390625 0.16640625
1 0.28671875 0.5953125 0.0625 0.0984375
3 0.43828125 0.5140625 0.03671875 0.06484375
2 0.59296875 0.94296875 0.046875 0.1140625
1 0.496875 0.5984375 0.03828125 0.07421875
1 0.4984375 0.48359375 0.02890625 0.04609375
1 0.4265625 0.41015625 0.02265625 0.03515625
1 0.39296875 0.4734375 0.0296875 0.04765625
1 0.3546875 0.45703125 0.02890625 0.04296875
1 0.4734375 0.32734375 0.01328125 0.01796875
1 0.503125 0.33515625 0.0125 0.01875
2 0.5203125 0.3546875 0.00625 0.0234375
2 0.51875 0.3359375 0.00625 0.02265625
1 0.04296875 0.49296875 0.0578125 0.059375
1 0.1578125 0.428125 0.040625 0.04296875
1 0.13359375 0.39609375 0.0359375 0.0390625
1 0.08046875 0.4 0.0453125 0.0390625
1 0.03203125 0.4265625 0.04609375 0.0453125
1 0.009375 0.40859375 0.01875 0.03671875
1 0.2328125 0.38515625 0.03125 0.0296875
1 0.28046875 0.3625 0.02421875 0.02578125
3 0.28515625 0.33359375 0.02578125 0.0359375