0 0.59921875 0.68203125 0.190625 0.44453125
0 0.4015625 0.4953125 0.078125 0.23125
4 0.3 0.3890625 0.05234375 0.1109375
1 0.24765625 0.66171875 0.078125 0.11328125
1 0.23359375 0.51875 0.0625 0.09296875
1 0.22265625 0.39453125 0.04296875 0.04453125
1 0.26796875 0.38828125 0.025 0.04609375
3 0.32421875 0.475 0.046875 0.08671875
1 0.375 0.359375 0.02890625 0.040625
1 0.35390625 0.34609375 0.02265625 0.040625
1 0.34296875 0.32421875 0.02109375 0.0296875
1 0.39609375 0.33828125 0.02109375 0.028125
1 0.38203125 0.321875 0.01875 0.02578125
3 0.63828125 0.43671875 0.034375 0.05546875
3 0.58515625 0.31953125 0.015625 0.03515625
1 0.7890625 0.79609375 0.11328125 0.13671875
1 0.81484375 0.68203125 0.09140625 0.0984375
2 0.79296875 0.4796875 0.02421875 0.08515625
1 0.60390625 0.38671875 0.025 0.0359375
1 0.62734375 0.36328125 0.021875 0.03125
1 0.5734375 0.3390625 0.0171875 0.02890625
1 0.5453125 0.3171875 0.0171875 0.0265625
1 0.54609375 0.2890625 0.0140625 0.021875
1 0.5921875 0.27578125 0.0109375 0.01953125
1 0.4203125 0.31875 0.0171875 0.02421875
1 0.43046875 0.30546875 0.01484375 0.02890625
1 0.4125 0.27421875 0.0125 0.0171875
1 0.64375 0.3140625 0.015625 0.02265625
1 0.553125 0.2625 0.0078125 0.0140625
1 0.5671875 0.26015625 0.0078125 0.01328125
1 0.58671875 0.25625 0.00859375 0.0125
1 0.55859375 0.2515625 0.0078125 0.01328125
1 0.4328125 0.2671875 0.0109375 0.01640625
1 0.44765625 0.26953125 0.009375 0.0171875
3 0.4453125 0.25078125 0.00859375 0.01953125
1 0.465625 0.26015625 0.00859375 0.0140625
1 0.45546875 0.271875 0.00703125 0.01875