4 0.08125 0.71796875 0.1625 0.3515625
0 0.5109375 0.42421875 0.05703125 0.15703125
1 0.71015625 0.6453125 0.0625 0.09296875
1 0.29453125 0.5296875 0.0609375 0.1015625
1 0.34140625 0.44453125 0.03515625 0.053125
1 0.32109375 0.40234375 0.03125 0.0453125
1 0.265625 0.4578125 0.04609375 0.059375
1 0.2578125 0.4 0.0359375 0.04296875
1 0.38203125 0.3828125 0.02734375 0.0390625
1 0.39765625 0.3515625 0.02421875 0.034375
1 0.3640625 0.30703125 0.02109375 0.028125
1 0.4109375 0.30625 0.01796875 0.02421875
1 0.4390625 0.30546875 0.01796875 0.02578125
1 0.3953125 0.29765625 0.015625 0.02421875
3 0.4234375 0.2703125 0.01328125 0.02421875
1 0.44140625 0.284375 0.0140625 0.01953125
1 0.4234375 0.29609375 0.015625 0.0234375
3 0.71328125 0.565625 0.05859375 0.10078125
1 0.7609375 0.4796875 0.053125 0.0546875
1 0.6171875 0.41875 0.03046875 0.03828125
1 0.56796875 0.4140625 0.0296875 0.040625
1 0.57421875 0.321875 0.0171875 0.02578125
2 0.61640625 0.47421875 0.015625 0.053125
3 0.60078125 0.34921875 0.01796875 0.0296875
1 0.603125 0.31328125 0.01328125 0.02265625
3 0.58125 0.29765625 0.0125 0.02265625
1 0.5640625 0.29921875 0.0125 0.01875
1 0.54765625 0.290625 0.0125 0.02265625
1 0.553125 0.27578125 0.01015625 0.01484375
1 0.56171875 0.25703125 0.00859375 0.01328125
1 0.59296875 0.26484375 0.00859375 0.0140625
1 0.5734375 0.25625 0.0078125 0.01171875
1 0.6453125 0.321875 0.01640625 0.02265625
1 0.45546875 0.27578125 0.01171875 0.0171875
2 0.44296875 0.26484375 0.00546875 0.01953125
1 0.43125 0.278125 0.0109375 0.0171875