3 0.51796875 0.7890625 0.078125 0.18203125
1 0.28359375 0.86875 0.08515625 0.16171875
1 0.26796875 0.69140625 0.0703125 0.1015625
1 0.49453125 0.5609375 0.0359375 0.0609375
1 0.4625 0.48125 0.02890625 0.04765625
1 0.3984375 0.4484375 0.028125 0.0390625
1 0.40078125 0.390625 0.02265625 0.03203125
1 0.45390625 0.41171875 0.02265625 0.03203125
1 0.48125 0.38828125 0.0203125 0.028125
1 0.4421875 0.36171875 0.0171875 0.02421875
1 0.41484375 0.3640625 0.01875 0.02265625
1 0.4203125 0.34921875 0.01796875 0.021875
1 0.43984375 0.34453125 0.015625 0.021875
1 0.4609375 0.340625 0.01640625 0.0234375
1 0.4859375 0.3453125 0.0140625 0.01953125
1 0.484375 0.365625 0.015625 0.01953125
3 0.2953125 0.54921875 0.046875 0.0859375
2 0.43671875 0.6015625 0.0171875 0.07109375
2 0.51015625 0.3609375 0.00703125 0.02578125
2 0.50546875 0.346875 0.00546875 0.02109375
2 0.5015625 0.33984375 0.0046875 0.02109375
1 0.4765625 0.3125 0.0109375 0.01640625
1 0.50625 0.3015625 0.009375 0.0125
1 0.4921875 0.2984375 0.00859375 0.01328125
1 0.5171875 0.2953125 0.00859375 0.0125
1 0.5296875 0.29765625 0.009375 0.01171875
1 0.54140625 0.3328125 0.015625 0.03671875
1 0.4828125 0.31875 0.00859375 0.015625
1 0.271875 0.35234375 0.02421875 0.02578125
1 0.22890625 0.37421875 0.03046875 0.03203125
1 0.24140625 0.34765625 0.02578125 0.02578125
1 0.2203125 0.3328125 0.025 0.0234375
1 0.2671875 0.3203125 0.0171875 0.02109375
1 0.253125 0.32734375 0.01875 0.0203125
1 0.171875 0.36953125 0.03046875 0.03046875
1 0.14765625 0.390625 0.0359375 0.03515625
1 0.140625 0.36015625 0.03125 0.02890625
1 0.06328125 0.39921875 0.03984375 0.0421875
2 0.07421875 0.36953125 0.01796875 0.03046875
1 0.09140625 0.44765625 0.05234375 0.05078125
1 0.0109375 0.4046875 0.02109375 0.0421875