1 0.0296875 0.70546875 0.059375 0.1328125
1 0.27109375 0.61875 0.059375 0.08984375
1 0.24453125 0.53828125 0.05234375 0.07109375
1 0.7828125 0.8765625 0.11796875 0.1421875
1 0.96640625 0.93046875 0.0671875 0.1296875
1 0.78046875 0.69765625 0.078125 0.1046875
3 0.71015625 0.70078125 0.065625 0.1234375
2 0.8734375 0.6296875 0.034375 0.09296875
1 0.61484375 0.56796875 0.0484375 0.08046875
1 0.3546875 0.459375 0.03203125 0.04765625
1 0.3078125 0.4515625 0.03125 0.0421875
1 0.26953125 0.4515625 0.03203125 0.04375
1 0.36171875 0.40703125 0.021875 0.028125
1 0.4015625 0.40390625 0.01953125 0.02890625
1 0.390625 0.3859375 0.01875 0.02734375
1 0.346875 0.37265625 0.01796875 0.0234375
3 0.32734375 0.39296875 0.02421875 0.0515625
2 0.3078125 0.41875 0.01015625 0.0296875
2 0.39296875 0.34140625 0.00546875 0.0203125
2 0.43828125 0.31796875 0.0046875 0.015625
1 0.42890625 0.340625 0.0125 0.021875
1 0.44296875 0.32734375 0.01015625 0.015625
1 0.4609375 0.32578125 0.009375 0.01484375
1 0.65390625 0.50859375 0.0140625 0.04609375
1 0.61484375 0.434375 0.02421875 0.0328125
1 0.5890625 0.4515625 0.0234375 0.0359375
1 0.575 0.40703125 0.01796875 0.02578125
1 0.61640625 0.39296875 0.015625 0.0234375
3 0.54453125 0.39296875 0.0171875 0.0265625
2 0.58515625 0.384375 0.00703125 0.02578125
1 0.54140625 0.3625 0.0125 0.01796875
1 0.5578125 0.35703125 0.01171875 0.0171875
1 0.57890625 0.3546875 0.01171875 0.01875
1 0.59296875 0.353125 0.01171875 0.0171875
2 0.63671875 0.4625 0.01171875 0.0390625
3 0.58984375 0.33203125 0.009375 0.02109375
4 0.57421875 0.328125 0.01328125 0.02578125
1 0.54609375 0.33359375 0.009375 0.0140625