1 0.3265625 0.85546875 0.07890625 0.15234375
1 0.2140625 0.840625 0.1015625 0.14921875
1 0.284375 0.5578125 0.05234375 0.0703125
1 0.03125 0.478125 0.0625 0.065625
1 0.01796875 0.4078125 0.0359375 0.04921875
1 0.11640625 0.38984375 0.0421875 0.040625
1 0.13359375 0.415625 0.04296875 0.04609375
1 0.23359375 0.35234375 0.03125 0.03046875
3 0.23359375 0.33203125 0.02734375 0.02890625
1 0.22109375 0.31640625 0.02265625 0.0265625
1 0.27265625 0.321875 0.02421875 0.028125
1 0.26328125 0.31171875 0.0109375 0.025
1 0.41171875 0.40546875 0.028125 0.04375
1 0.48671875 0.3984375 0.02265625 0.040625
1 0.471875 0.34453125 0.01875 0.0328125
1 0.446875 0.33515625 0.01796875 0.025
1 0.421875 0.33984375 0.021875 0.034375
1 0.43515625 0.31796875 0.0171875 0.028125
1 0.4578125 0.3046875 0.01484375 0.01953125
1 0.50390625 0.29921875 0.0140625 0.0234375
2 0.40390625 0.63828125 0.02109375 0.09375
3 0.45078125 0.40078125 0.0234375 0.0453125
1 0.46328125 0.2921875 0.01328125 0.01796875
2 0.48515625 0.2875 0.0046875 0.01953125
1 0.4953125 0.2921875 0.0078125 0.01875
3 0.51484375 0.2609375 0.009375 0.0171875
1 0.52890625 0.27578125 0.009375 0.0140625
1 0.53671875 0.2609375 0.00859375 0.0125
1 0.46015625 0.253125 0.0078125 0.01015625