1 0.5734375 0.83828125 0.075 0.12734375
1 0.325 0.68046875 0.05625 0.08359375
1 0.221875 0.73046875 0.0734375 0.1015625
1 0.38828125 0.50234375 0.03359375 0.0515625
3 0.41953125 0.82109375 0.06484375 0.15078125
1 0.43828125 0.35546875 0.01484375 0.02265625
1 0.0765625 0.47421875 0.059375 0.059375
1 0.17890625 0.415625 0.03515625 0.04375
3 0.1078125 0.3796875 0.03671875 0.0421875
1 0.2515625 0.3765625 0.0265625 0.028125
1 0.1921875 0.3671875 0.025 0.02578125
1 0.19375 0.346875 0.02734375 0.01875
1 0.23125 0.3484375 0.02109375 0.02421875
1 0.25078125 0.34921875 0.02265625 0.0234375
2 0.51015625 0.38125 0.00703125 0.0265625
2 0.50390625 0.3578125 0.00703125 0.0265625
1 0.48046875 0.3578125 0.01484375 0.02109375
1 0.52421875 0.31875 0.01171875 0.0140625
1 0.53828125 0.31640625 0.00859375 0.01328125
1 0.51796875 0.3140625 0.00703125 0.0125
1 0.50390625 0.31640625 0.01015625 0.0140625
1 0.49375 0.31171875 0.009375 0.01328125
1 0.5046875 0.30625 0.00859375 0.009375
3 0.5453125 0.30859375 0.00859375 0.01875
2 0.5546875 0.30703125 0.00390625 0.01015625
2 0.56171875 0.3 0.00390625 0.01328125
1 0.53046875 0.309375 0.00859375 0.01171875