1 0.09296875 0.5796875 0.08046875 0.10625
1 0.09609375 0.70078125 0.1109375 0.1375
1 0.2546875 0.4828125 0.053125 0.08515625
2 0.17734375 0.41796875 0.01875 0.0578125
1 0.36015625 0.3671875 0.02890625 0.04609375
1 0.390625 0.315625 0.0234375 0.0359375
1 0.2375 0.34921875 0.03359375 0.04375
2 0.28359375 0.309375 0.0109375 0.03125
2 0.3203125 0.28984375 0.009375 0.0296875
3 0.365625 0.27734375 0.02109375 0.03671875
1 0.38828125 0.290625 0.0203125 0.0265625
1 0.3875 0.26484375 0.015625 0.02421875
1 0.41640625 0.2625 0.01484375 0.0234375
1 0.40546875 0.25078125 0.01484375 0.01953125
2 0.39765625 0.24453125 0.0046875 0.01875
1 0.42578125 0.25390625 0.01484375 0.01875
1 0.4453125 0.2390625 0.01015625 0.01640625
1 0.42734375 0.23671875 0.01171875 0.01640625
2 0.43515625 0.23671875 0.00390625 0.01796875
1 0.40859375 0.2390625 0.0125 0.01640625
1 0.43046875 0.2703125 0.01484375 0.0265625
0 0.44609375 0.2796875 0.021875 0.06484375
2 0.6 0.22421875 0.00390625 0.015625
2 0.59375 0.23203125 0.0046875 0.01640625
2 0.5984375 0.24140625 0.0046875 0.015625
2 0.64765625 0.34296875 0.01015625 0.0359375
2 0.69375 0.378125 0.0140625 0.046875
2 0.93125 0.57265625 0.0375 0.078125
1 0.96015625 0.65625 0.0796875 0.1015625
1 0.77734375 0.49765625 0.0640625 0.0734375
1 0.7078125 0.5109375 0.05078125 0.0671875
3 0.6375 0.5125 0.0515625 0.09140625
3 0.559375 0.3484375 0.0234375 0.04140625
1 0.5453125 0.3078125 0.015625 0.028125
1 0.57421875 0.30859375 0.0171875 0.02734375
1 0.596875 0.296875 0.0171875 0.025
1 0.571875 0.28046875 0.0140625 0.021875
1 0.60625 0.28046875 0.0140625 0.02109375
1 0.54140625 0.27421875 0.01484375 0.02109375
3 0.59609375 0.2625 0.01171875 0.0296875
1 0.58046875 0.25859375 0.01171875 0.01875
1 0.56640625 0.24921875 0.01015625 0.01875
1 0.54765625 0.24765625 0.0125 0.01875
1 0.58359375 0.24609375 0.0109375 0.01328125
1 0.56328125 0.2359375 0.01015625 0.01328125
1 0.55390625 0.2390625 0.00703125 0.0125
1 0.57578125 0.24140625 0.00546875 0.0171875
1 0.55 0.23125 0.0078125 0.0140625
1 0.6046875 0.209375 0.0078125 0.009375
1 0.64140625 0.2828125 0.0171875 0.021875
1 0.60390625 0.3625 0.034375 0.04609375
1 0.9390625 0.9578125 0.11875 0.084375