1 0.1375 0.63203125 0.09140625 0.121875
2 0.0453125 0.6 0.03203125 0.1078125
3 0.26953125 0.45546875 0.0515625 0.08046875
1 0.25 0.340625 0.03671875 0.05390625
2 0.1953125 0.40234375 0.02109375 0.05703125
1 0.13203125 0.5265625 0.0765625 0.09296875
1 0.7390625 0.553125 0.07109375 0.08203125
1 0.81015625 0.52734375 0.0734375 0.09140625
1 0.61015625 0.37265625 0.0359375 0.04453125
1 0.36875 0.35390625 0.02890625 0.04453125
3 0.56328125 0.36015625 0.028125 0.05078125
1 0.396875 0.3109375 0.025 0.03359375
2 0.70390625 0.38828125 0.01640625 0.0515625
2 0.6546875 0.3515625 0.0140625 0.0390625
1 0.54609375 0.3140625 0.02109375 0.03125
1 0.57734375 0.3140625 0.02109375 0.0296875
1 0.6 0.30234375 0.0203125 0.02890625
3 0.371875 0.2734375 0.01796875 0.03671875
2 0.29375 0.303125 0.01328125 0.02890625
0 0.44609375 0.28125 0.02421875 0.07109375