1 0.71484375 0.784375 0.08046875 0.1109375
1 0.93203125 0.7671875 0.10703125 0.09921875
1 0.253125 0.7234375 0.07421875 0.12265625
1 0.10390625 0.70859375 0.08359375 0.1203125
1 0.27421875 0.53046875 0.04296875 0.06953125
1 0.3234375 0.54765625 0.0375 0.071875
1 0.209375 0.49296875 0.05234375 0.06015625
3 0.85078125 0.64140625 0.07578125 0.0875
2 0.7140625 0.6953125 0.03046875 0.0703125
1 0.603125 0.50078125 0.03359375 0.0453125
1 0.63515625 0.48515625 0.03046875 0.0359375
3 0.60234375 0.4359375 0.02578125 0.05234375
1 0.57421875 0.45 0.0234375 0.0359375
1 0.54140625 0.45234375 0.02109375 0.03515625
1 0.32890625 0.46015625 0.02734375 0.0375
1 0.37734375 0.44765625 0.0234375 0.03671875