1 0.153125 0.60703125 0.0875 0.121875
1 0.1453125 0.51328125 0.07421875 0.0890625
2 0.06640625 0.56796875 0.02890625 0.1015625
3 0.27421875 0.44375 0.04921875 0.090625
2 0.20390625 0.39375 0.02421875 0.06484375
1 0.25390625 0.334375 0.03515625 0.05
1 0.371875 0.34921875 0.02890625 0.04609375
2 0.29765625 0.2984375 0.01796875 0.0296875
3 0.5640625 0.36484375 0.02578125 0.0515625
1 0.6109375 0.375 0.03046875 0.04609375
2 0.690625 0.3953125 0.01640625 0.04296875
2 0.7109375 0.39140625 0.01953125 0.04609375
1 0.82578125 0.5453125 0.07578125 0.090625
1 0.75625 0.5703125 0.07734375 0.09296875
2 0.6390625 0.89375 0.040625 0.171875
1 0.6015625 0.30546875 0.02421875 0.03359375
1 0.54765625 0.31640625 0.02265625 0.03671875
1 0.39921875 0.30625 0.02109375 0.0390625
0 0.446875 0.28125 0.02734375 0.078125
3 0.37265625 0.2703125 0.021875 0.040625
1 0.5765625 0.31875 0.02578125 0.040625
3 0.5953125 0.26875 0.01328125 0.03671875