2 0.015625 0.6390625 0.0296875 0.11875
1 0.11015625 0.55625 0.0765625 0.09921875
1 0.115625 0.67109375 0.10390625 0.13359375
3 0.2609375 0.46953125 0.05390625 0.0875
2 0.1859375 0.41015625 0.021875 0.05859375
1 0.24375 0.34453125 0.0390625 0.04921875
2 0.2890625 0.30390625 0.0140625 0.03671875
2 0.32421875 0.28515625 0.0109375 0.03828125
2 0.9578125 0.58984375 0.04296875 0.08203125
2 0.6515625 0.346875 0.0125 0.03828125
2 0.7 0.38125 0.0171875 0.0609375
1 0.790625 0.50859375 0.065625 0.08046875
1 0.71796875 0.52734375 0.065625 0.07578125
3 0.640625 0.5265625 0.046875 0.10078125
1 0.60390625 0.365625 0.03046875 0.0421875
3 0.56015625 0.3515625 0.0234375 0.0453125
1 0.59765625 0.29765625 0.0171875 0.028125
1 0.575 0.3109375 0.01953125 0.0296875
1 0.54453125 0.31015625 0.01796875 0.0296875