1 0.32578125 0.54609375 0.0421875 0.06796875
1 0.21640625 0.490625 0.04296875 0.05546875
1 0.34609375 0.41640625 0.028125 0.0359375
1 0.37578125 0.42890625 0.025 0.03828125
1 0.3984375 0.403125 0.02265625 0.03125
1 0.378125 0.3890625 0.02109375 0.03046875
3 0.38984375 0.3640625 0.01875 0.03984375
1 0.26171875 0.72421875 0.0671875 0.115625
1 0.16484375 0.715625 0.08046875 0.12734375
1 0.0703125 0.71484375 0.0921875 0.11484375
1 0.73828125 0.73828125 0.0890625 0.10859375
1 0.821875 0.59296875 0.0640625 0.06953125
1 0.72421875 0.5109375 0.04453125 0.05234375
1 0.6921875 0.521875 0.0171875 0.05078125
1 0.640625 0.5203125 0.03515625 0.0546875
1 0.60625 0.52734375 0.0390625 0.05234375
1 0.57109375 0.48125 0.0296875 0.04375
1 0.5609375 0.4375 0.02421875 0.034375
1 0.6265625 0.43671875 0.025 0.0359375
3 0.59609375 0.3984375 0.0203125 0.034375
1 0.565625 0.39921875 0.01796875 0.02578125
1 0.54296875 0.384375 0.015625 0.0234375
1 0.56953125 0.37578125 0.0140625 0.01875
1 0.41640625 0.34765625 0.01484375 0.01796875
1 0.43671875 0.3546875 0.0140625 0.01796875
1 0.56328125 0.3515625 0.0125 0.01796875
1 0.54375 0.36171875 0.0140625 0.021875
1 0.57109375 0.33515625 0.009375 0.0140625
1 0.553125 0.321875 0.009375 0.01328125
2 0.62421875 0.3984375 0.009375 0.03203125
1 0.4390625 0.3265625 0.01171875 0.01796875
1 0.46640625 0.321875 0.009375 0.01484375