3 0.14375 0.6515625 0.09375 0.16015625
1 0.0484375 0.53828125 0.0796875 0.0953125
1 0.3203125 0.46796875 0.04375 0.06484375
3 0.10625 0.43828125 0.0625 0.08671875
1 0.31328125 0.3734375 0.03984375 0.04921875
1 0.9140625 0.7734375 0.13046875 0.1328125
3 0.70546875 0.484375 0.05390625 0.06796875
0 0.4296875 0.33125 0.040625 0.09375
1 0.36875 0.359375 0.02734375 0.0453125
1 0.3140625 0.32578125 0.025 0.03359375
1 0.30078125 0.309375 0.0203125 0.03125
1 0.4015625 0.3140625 0.01875 0.03125
1 0.3890625 0.2953125 0.01875 0.03046875
1 0.3796875 0.2703125 0.01640625 0.021875
1 0.4234375 0.26640625 0.0140625 0.0234375
1 0.44140625 0.26484375 0.0140625 0.0234375
4 0.40234375 0.26796875 0.02421875 0.040625
3 0.35703125 0.3 0.021875 0.0453125
1 0.54921875 0.3515625 0.0234375 0.03671875
1 0.62421875 0.33828125 0.021875 0.03359375
1 0.6625 0.565625 0.06796875 0.08125
1 0.6390625 0.29609375 0.015625 0.02578125
1 0.53984375 0.28359375 0.0125 0.0234375
1 0.5609375 0.28125 0.01171875 0.0203125
1 0.56875 0.27265625 0.0109375 0.01875
1 0.58046875 0.26640625 0.01171875 0.01875
1 0.5484375 0.26015625 0.0109375 0.01875
1 0.5625 0.25 0.00859375 0.01640625
1 0.58125 0.24609375 0.00859375 0.015625
1 0.553125 0.2390625 0.0078125 0.01328125