1 0.38203125 0.56171875 0.03828125 0.06015625
1 0.49921875 0.6109375 0.040625 0.06796875
1 0.3203125 0.56171875 0.04140625 0.05859375
1 0.2765625 0.675 0.05859375 0.07578125
1 0.43515625 0.740625 0.05390625 0.09453125
1 0.27890625 0.9484375 0.0921875 0.103125
1 0.41328125 0.4734375 0.02578125 0.0390625
1 0.4046875 0.425 0.02109375 0.03203125
1 0.453125 0.44140625 0.021875 0.03359375
1 0.44375 0.38671875 0.0171875 0.0234375
1 0.490625 0.4515625 0.0203125 0.0328125
2 0.478125 0.43125 0.00859375 0.03515625
2 0.5109375 0.37421875 0.00546875 0.02265625
2 0.52890625 0.3703125 0.00625 0.0203125
1 0.4984375 0.37265625 0.01328125 0.01875
1 0.47265625 0.35859375 0.01328125 0.01640625
1 0.48515625 0.35546875 0.0109375 0.01484375
1 0.5203125 0.359375 0.0125 0.01640625
1 0.50546875 0.3515625 0.01171875 0.0125
1 0.49765625 0.34140625 0.009375 0.01328125
1 0.515625 0.3375 0.009375 0.01484375
1 0.50859375 0.334375 0.00703125 0.01171875
1 0.53203125 0.34921875 0.0109375 0.01484375
3 0.55546875 0.33515625 0.00859375 0.0140625
0 0.52890625 0.3328125 0.0171875 0.03203125
1 0.1171875 0.4765625 0.04765625 0.04609375
1 0.07578125 0.440625 0.04609375 0.0421875
1 0.22734375 0.4125 0.0296875 0.034375
1 0.2015625 0.3953125 0.03125 0.03203125
1 0.23671875 0.38125 0.0265625 0.025
1 0.20546875 0.37421875 0.02734375 0.0171875
1 0.27421875 0.36015625 0.01875 0.0234375
1 0.43515625 0.3296875 0.00859375 0.0140625
1 0.46171875 0.3171875 0.00859375 0.01015625