1 0.05234375 0.76875 0.103125 0.19296875
1 0.20390625 0.80078125 0.09375 0.16875
1 0.7984375 0.78125 0.11796875 0.140625
1 0.81796875 0.675 0.09375 0.09453125
1 0.890625 0.65078125 0.09375 0.09453125
3 0.18515625 0.4609375 0.06171875 0.08125
1 0.59765625 0.49296875 0.04140625 0.06328125
1 0.64296875 0.465625 0.03515625 0.05390625
1 0.725 0.49375 0.05234375 0.0609375
1 0.77890625 0.49296875 0.053125 0.06328125
1 0.69296875 0.44140625 0.02734375 0.05
1 0.63828125 0.38828125 0.03203125 0.04609375
3 0.55546875 0.3859375 0.028125 0.04609375
4 0.3484375 0.36640625 0.03203125 0.078125
1 0.31171875 0.36796875 0.03125 0.04296875
1 0.38125 0.353125 0.025 0.03515625
1 0.315625 0.31953125 0.025 0.03125
1 0.5390625 0.35234375 0.01875 0.03046875
1 0.53671875 0.30703125 0.01328125 0.021875
2 0.59453125 0.353125 0.00859375 0.03359375
4 0.5703125 0.32890625 0.03203125 0.065625
1 0.6046875 0.309375 0.01640625 0.021875
1 0.634375 0.3109375 0.01796875 0.02265625
1 0.6078125 0.34765625 0.0203125 0.03125
1 0.540625 0.271875 0.0125 0.02109375
1 0.55625 0.28046875 0.01171875 0.0140625
1 0.5578125 0.2921875 0.0125 0.01640625
1 0.57890625 0.28828125 0.0125 0.01796875
2 0.6 0.28671875 0.00703125 0.01875
1 0.615625 0.27734375 0.01171875 0.01640625
1 0.584375 0.26875 0.0109375 0.01640625
1 0.571875 0.278125 0.0109375 0.01796875
1 0.56015625 0.2546875 0.009375 0.01484375
1 0.3984375 0.328125 0.02109375 0.028125
1 0.4234375 0.303125 0.01640625 0.025
1 0.39921875 0.29921875 0.015625 0.02421875
1 0.36640625 0.30390625 0.01953125 0.025
1 0.378125 0.2828125 0.015625 0.0203125
2 0.3421875 0.2953125 0.00859375 0.03203125
1 0.43125 0.2890625 0.0140625 0.01953125
1 0.3921875 0.28671875 0.0125 0.01953125
1 0.42421875 0.2671875 0.01171875 0.01875
1 0.43671875 0.27109375 0.0125 0.01796875
1 0.4015625 0.275 0.01171875 0.01640625
1 0.4390625 0.25234375 0.01015625 0.015625