1 0.53203125 0.81015625 0.07421875 0.13515625
1 0.3953125 0.809375 0.071875 0.1375
1 0.29140625 0.75390625 0.0734375 0.1203125
1 0.4328125 0.57890625 0.04296875 0.078125
1 0.50625 0.5671875 0.04140625 0.07109375
1 0.35625 0.52109375 0.04375 0.06484375
1 0.34296875 0.44375 0.03984375 0.05625
1 0.38046875 0.38828125 0.028125 0.0359375
1 0.42890625 0.36484375 0.02265625 0.0328125
2 0.4609375 0.3578125 0.009375 0.0359375
3 0.45234375 0.45546875 0.03203125 0.08359375
1 0.43046875 0.321875 0.01875 0.0234375
1 0.4375 0.3421875 0.021875 0.0234375
1 0.1640625 0.3640625 0.034375 0.03828125
1 0.03828125 0.434375 0.0515625 0.04921875
1 0.04375 0.39453125 0.04296875 0.03828125
2 0.06875 0.40390625 0.01640625 0.0484375
2 0.15078125 0.34375 0.0125 0.0390625
1 0.24453125 0.346875 0.0265625 0.0328125
1 0.21640625 0.328125 0.02578125 0.02734375
1 0.22421875 0.30703125 0.021875 0.01875
1 0.28515625 0.3234375 0.01484375 0.02265625
4 0.31171875 0.2734375 0.028125 0.03515625
1 0.48984375 0.30390625 0.01328125 0.021875
1 0.5171875 0.29453125 0.01171875 0.01796875
1 0.50625 0.2859375 0.0109375 0.0171875
1 0.48046875 0.2921875 0.0125 0.01875
1 0.48359375 0.2765625 0.01015625 0.015625
1 0.4921875 0.265625 0.009375 0.0125
1 0.50078125 0.26953125 0.009375 0.0140625
1 0.50859375 0.2578125 0.00859375 0.01328125
1 0.51796875 0.26171875 0.00859375 0.0125
1 0.53203125 0.26640625 0.01015625 0.015625
1 0.54765625 0.2546875 0.0078125 0.01171875
1 0.53828125 0.31796875 0.0125 0.02109375
1 0.54609375 0.29609375 0.0140625 0.0296875