1 0.115625 0.6140625 0.0859375 0.12734375
1 0.04765625 0.5515625 0.0765625 0.09765625
1 0.16015625 0.45703125 0.05234375 0.0671875
1 0.26875 0.4390625 0.04609375 0.06640625
1 0.34140625 0.4375 0.03828125 0.06328125
1 0.2578125 0.3515625 0.0359375 0.0421875
1 0.62578125 0.50234375 0.05078125 0.06875
1 0.55 0.3296875 0.01953125 0.0328125
1 0.57578125 0.32734375 0.01953125 0.0328125
1 0.59921875 0.3234375 0.01953125 0.0328125
0 0.4390625 0.3109375 0.03359375 0.06875
3 0.27890625 0.32109375 0.03203125 0.0453125
3 0.30234375 0.53515625 0.053125 0.12578125
1 0.7703125 0.49609375 0.059375 0.06484375
3 0.3171875 0.37578125 0.0328125 0.05078125