1 0.103125 0.68984375 0.10234375 0.1359375
1 0.09921875 0.56875 0.07734375 0.10625
2 0.17890625 0.41875 0.01796875 0.06328125
3 0.25859375 0.47734375 0.05 0.08828125
1 0.23984375 0.34765625 0.0328125 0.04453125
1 0.284375 0.309375 0.0140625 0.03828125
1 0.36171875 0.36484375 0.02890625 0.04765625
1 0.390625 0.315625 0.02265625 0.03515625
1 0.38984375 0.2890625 0.01875 0.0296875
3 0.36640625 0.27578125 0.01953125 0.03515625
1 0.38828125 0.2640625 0.015625 0.021875
2 0.32109375 0.28828125 0.00859375 0.03125
1 0.41640625 0.26328125 0.0140625 0.021875
2 0.3984375 0.24375 0.00546875 0.021875
1 0.40625 0.25 0.0140625 0.01875
1 0.43125 0.26875 0.01484375 0.0296875
0 0.44765625 0.28046875 0.0234375 0.0640625
2 0.4359375 0.2359375 0.00625 0.0171875
1 0.4453125 0.23828125 0.01171875 0.01796875
1 0.428125 0.23515625 0.0109375 0.01875
3 0.5953125 0.2609375 0.0125 0.028125
1 0.60625 0.2796875 0.01484375 0.02421875
1 0.596875 0.2984375 0.01875 0.028125
1 0.571875 0.2796875 0.0140625 0.025
1 0.54140625 0.2734375 0.0140625 0.02109375
1 0.54765625 0.24765625 0.0125 0.0171875
1 0.565625 0.24921875 0.01015625 0.01875
1 0.58046875 0.259375 0.01328125 0.01875
2 0.5984375 0.2421875 0.00546875 0.01875
2 0.59453125 0.23203125 0.00390625 0.01796875
2 0.6 0.22421875 0.0046875 0.0140625
2 0.6484375 0.34375 0.009375 0.03671875
2 0.69453125 0.37890625 0.015625 0.046875
1 0.60234375 0.36328125 0.02734375 0.03984375
3 0.559375 0.35078125 0.0234375 0.0421875
1 0.54609375 0.3078125 0.0171875 0.02890625
1 0.57421875 0.31015625 0.01796875 0.028125
1 0.6421875 0.28359375 0.01640625 0.02265625
1 0.78125 0.50078125 0.0640625 0.078125
1 0.71015625 0.5140625 0.05625 0.06953125
3 0.6390625 0.51953125 0.04921875 0.09296875
2 0.940625 0.58046875 0.03828125 0.0796875
1 0.9640625 0.6640625 0.0703125 0.10546875