2 0.0625 0.78515625 0.0453125 0.1453125
3 0.10234375 0.58359375 0.0765625 0.1546875
1 0.20859375 0.621875 0.0625 0.0953125
1 0.28046875 0.66328125 0.0609375 0.1046875
1 0.3078125 0.54609375 0.05 0.09296875
1 0.771875 0.853125 0.11953125 0.16328125
1 0.796875 0.67890625 0.08671875 0.0984375
1 0.63984375 0.6078125 0.046875 0.08671875
1 0.7375 0.57109375 0.05546875 0.07421875
2 0.79609375 0.55859375 0.02265625 0.06171875
1 0.3828125 0.41796875 0.0234375 0.0359375
1 0.3578125 0.3984375 0.021875 0.03125
1 0.40546875 0.36484375 0.01640625 0.025
1 0.43046875 0.36328125 0.01640625 0.02734375
1 0.39375 0.35390625 0.0140625 0.0234375
2 0.29296875 0.39609375 0.01171875 0.0359375
1 0.29296875 0.478125 0.03515625 0.05078125
1 0.259375 0.440625 0.03046875 0.0390625
2 0.40390625 0.33125 0.0078125 0.02109375
1 0.590625 0.53203125 0.0375 0.053125
1 0.603125 0.49296875 0.03671875 0.04375
1 0.61484375 0.4640625 0.02890625 0.0296875
3 0.65 0.471875 0.025 0.04296875
1 0.6265625 0.44140625 0.0234375 0.028125
2 0.65234375 0.41796875 0.01015625 0.02578125
2 0.69296875 0.46640625 0.0140625 0.0421875
1 0.5859375 0.43359375 0.02421875 0.0359375
1 0.5484375 0.44921875 0.02421875 0.03984375
3 0.54453125 0.42265625 0.0234375 0.0359375
1 0.58828125 0.3890625 0.01796875 0.02890625
1 0.58125 0.3625 0.01328125 0.0203125
1 0.559375 0.36875 0.0140625 0.025
1 0.59453125 0.346875 0.01171875 0.0203125
1 0.58828125 0.3296875 0.009375 0.0171875
2 0.571875 0.34765625 0.0078125 0.0203125