1 0.85546875 0.9296875 0.1375 0.140625
1 0.04453125 0.87890625 0.0890625 0.1921875
1 0.09921875 0.65859375 0.08125 0.109375
2 0.21328125 0.7 0.03359375 0.11484375
1 0.73046875 0.56484375 0.05859375 0.06640625
1 0.82109375 0.59453125 0.06484375 0.08125
1 0.96875 0.74921875 0.0625 0.1015625
1 0.68515625 0.65390625 0.06953125 0.08125
1 0.62109375 0.5 0.04375 0.05546875
1 0.56953125 0.47890625 0.02890625 0.04609375
1 0.15546875 0.5140625 0.05859375 0.06875
1 0.28515625 0.5078125 0.0375 0.05234375
1 0.3484375 0.490625 0.03359375 0.05546875
1 0.27734375 0.459375 0.0328125 0.046875
1 0.328125 0.4421875 0.028125 0.0390625
1 0.371875 0.4421875 0.02734375 0.0390625
1 0.32265625 0.39765625 0.02578125 0.03125
1 0.2125 0.46015625 0.03671875 0.046875
1 0.3984375 0.4046875 0.0234375 0.03359375
1 0.40234375 0.365625 0.01953125 0.02421875
1 0.4234375 0.36796875 0.01640625 0.02578125
1 0.43828125 0.35703125 0.01640625 0.0234375
3 0.42734375 0.3390625 0.01640625 0.03046875
1 0.446875 0.328125 0.0125 0.015625
1 0.5515625 0.421875 0.021875 0.03359375
3 0.6453125 0.4703125 0.034375 0.04375
1 0.59453125 0.440625 0.02265625 0.0328125
1 0.5703125 0.38515625 0.01640625 0.025
1 0.54296875 0.38125 0.015625 0.025
1 0.58125 0.36484375 0.0140625 0.02265625
1 0.5453125 0.36171875 0.0140625 0.0171875
1 0.54765625 0.340625 0.01171875 0.01953125
1 0.56640625 0.334375 0.01171875 0.01953125
1 0.553125 0.3265625 0.009375 0.01328125
1 0.58984375 0.32734375 0.009375 0.0140625
2 0.59765625 0.33515625 0.0046875 0.01796875
2 0.58046875 0.31953125 0.00390625 0.0140625
2 0.56640625 0.31953125 0.0078125 0.0125