1 0.1484375 0.6171875 0.090625 0.1171875
1 0.13984375 0.51875 0.06953125 0.08984375
3 0.27265625 0.45 0.04453125 0.07890625
2 0.1984375 0.39609375 0.01875 0.05703125
1 0.25390625 0.340625 0.03203125 0.05078125
1 0.36953125 0.35078125 0.028125 0.04453125
2 0.29609375 0.3015625 0.01015625 0.03203125
1 0.39921875 0.30390625 0.0234375 0.03125
2 0.33046875 0.28203125 0.0109375 0.03359375
3 0.37265625 0.271875 0.01796875 0.03984375
0 0.44765625 0.28125 0.02578125 0.07109375
3 0.5640625 0.36171875 0.028125 0.04453125
1 0.82109375 0.53671875 0.07734375 0.08984375
1 0.7515625 0.56875 0.0734375 0.09140625
1 0.61015625 0.3765625 0.03125 0.04921875
1 0.57734375 0.31796875 0.021875 0.03125
1 0.54765625 0.31484375 0.01875 0.03359375
2 0.65859375 0.35390625 0.0140625 0.04140625
2 0.70859375 0.3921875 0.01640625 0.05546875
2 0.68984375 0.39375 0.01484375 0.04296875
1 0.60234375 0.3046875 0.01796875 0.03203125
2 0.0609375 0.57421875 0.03515625 0.1109375