1 0.09453125 0.7609375 0.10703125 0.1359375
1 0.9046875 0.959375 0.16796875 0.08046875
1 0.8390625 0.76484375 0.11015625 0.1125
1 0.71484375 0.725 0.071875 0.1046875
1 0.80546875 0.63515625 0.06953125 0.07265625
1 0.825 0.58125 0.06328125 0.04765625
1 0.6328125 0.521875 0.04140625 0.05859375
1 0.59296875 0.45078125 0.02578125 0.03671875
1 0.55078125 0.43125 0.02109375 0.03515625
1 0.59140625 0.41953125 0.021875 0.02578125
1 0.62265625 0.42265625 0.021875 0.02890625
1 0.65 0.41796875 0.02109375 0.028125
1 0.61328125 0.39375 0.01796875 0.0234375
1 0.58203125 0.3609375 0.01171875 0.01875
1 0.559375 0.3625 0.01328125 0.01953125
1 0.53671875 0.3828125 0.01640625 0.02421875
1 0.5609375 0.34453125 0.01171875 0.01484375
3 0.584375 0.34296875 0.0109375 0.01640625
1 0.5609375 0.3234375 0.00859375 0.0125
1 0.59140625 0.31328125 0.00625 0.0109375
1 0.54609375 0.34453125 0.01171875 0.01640625
2 0.61328125 0.37265625 0.00703125 0.02109375
2 0.603125 0.35234375 0.00546875 0.02109375
2 0.59765625 0.346875 0.0046875 0.0203125
2 0.56953125 0.3203125 0.0046875 0.01328125
2 0.328125 0.446875 0.01171875 0.0453125
2 0.25234375 0.4171875 0.01015625 0.04375
3 0.35703125 0.45703125 0.03515625 0.084375
1 0.37890625 0.38671875 0.02109375 0.025
1 0.36875 0.35546875 0.015625 0.02265625
3 0.3875 0.36328125 0.01796875 0.02421875
3 0.40546875 0.38515625 0.01953125 0.03828125
1 0.4203125 0.3484375 0.0140625 0.01875
2 0.40234375 0.33515625 0.00625 0.01953125
1 0.41875 0.33203125 0.01171875 0.0125
1 0.4296875 0.325 0.0109375 0.01640625
1 0.44296875 0.3265625 0.0125 0.01484375
1 0.465625 0.31953125 0.0109375 0.015625