1 0.45078125 0.90703125 0.075 0.16015625
1 0.31875 0.73515625 0.06484375 0.109375
1 0.27109375 0.6203125 0.0578125 0.08671875
1 0.48515625 0.5703125 0.03828125 0.06328125
1 0.403125 0.53125 0.04140625 0.06171875
1 0.325 0.496875 0.03828125 0.05390625
1 0.3890625 0.46015625 0.0296875 0.04609375
1 0.471875 0.48359375 0.03203125 0.05390625
1 0.43828125 0.4171875 0.02421875 0.04140625
1 0.4015625 0.42578125 0.028125 0.03671875
1 0.4546875 0.3921875 0.021875 0.03125
1 0.11953125 0.4328125 0.04453125 0.05078125
1 0.2 0.38671875 0.03359375 0.04765625
1 0.17734375 0.3671875 0.0328125 0.03671875
1 0.25078125 0.346875 0.0234375 0.03125
4 0.43984375 0.346875 0.0234375 0.0390625
2 0.4859375 0.396875 0.0109375 0.0390625
3 0.478125 0.36640625 0.0171875 0.0265625
2 0.4734375 0.34921875 0.0078125 0.0234375
1 0.40703125 0.38125 0.01875 0.03046875
1 0.40703125 0.359375 0.01875 0.0203125
1 0.4328125 0.375 0.01875 0.028125
3 0.5078125 0.3109375 0.01328125 0.028125
1 0.5328125 0.34375 0.0140625 0.021875
1 0.528125 0.3 0.01171875 0.01484375
1 0.48828125 0.3015625 0.0109375 0.015625
3 0.4984375 0.284375 0.0109375 0.01796875
1 0.5203125 0.29609375 0.00859375 0.01796875
1 0.5296875 0.28671875 0.0078125 0.01015625
1 0.54609375 0.28046875 0.00859375 0.0125
1 0.48671875 0.290625 0.009375 0.0109375
1 0.53125 0.275 0.00859375 0.01171875
1 0.44296875 0.27734375 0.0078125 0.01171875