2 0.96640625 0.59921875 0.0421875 0.08984375
1 0.72265625 0.53359375 0.0640625 0.07265625
2 0.7 0.38203125 0.01640625 0.046875
2 0.653125 0.34765625 0.01171875 0.03984375
1 0.60546875 0.36640625 0.03046875 0.04140625
3 0.56015625 0.3546875 0.02578125 0.03984375
1 0.59921875 0.29921875 0.01953125 0.028125
1 0.57578125 0.3125 0.01953125 0.02890625
1 0.54609375 0.3109375 0.01875 0.03125
2 0.021875 0.62734375 0.03359375 0.10703125
1 0.1140625 0.54765625 0.078125 0.0984375
1 0.12109375 0.65859375 0.09765625 0.128125
3 0.2625 0.465625 0.04765625 0.07890625
1 0.2453125 0.34296875 0.03359375 0.040625
2 0.1875 0.40546875 0.01796875 0.0578125
1 0.36484375 0.36015625 0.02890625 0.0453125
2 0.2890625 0.30625 0.01171875 0.03125
2 0.325 0.28515625 0.009375 0.03203125
3 0.36875 0.2734375 0.01953125 0.0375
1 0.39453125 0.31171875 0.0234375 0.03203125