3 0.13671875 0.9109375 0.11953125 0.178125
2 0.4328125 0.9125 0.03203125 0.13984375
1 0.54609375 0.8453125 0.0765625 0.12734375
1 0.3703125 0.540625 0.03828125 0.059375
1 0.45859375 0.56953125 0.0375 0.0703125
2 0.50625 0.37265625 0.00703125 0.028125
2 0.49140625 0.35234375 0.00625 0.02578125
2 0.5 0.35703125 0.00703125 0.0265625
1 0.425 0.38515625 0.0203125 0.0296875
1 0.390625 0.3890625 0.021875 0.02890625
1 0.40078125 0.36484375 0.01953125 0.0265625
1 0.4171875 0.359375 0.01875 0.025
1 0.44453125 0.353125 0.0171875 0.02421875
1 0.47578125 0.384375 0.01875 0.02578125
1 0.4765625 0.4203125 0.02265625 0.0359375
1 0.44921875 0.4609375 0.028125 0.04375
1 0.36640625 0.43828125 0.02734375 0.0421875
1 0.47578125 0.36171875 0.015625 0.02265625
1 0.4765625 0.34296875 0.0140625 0.02109375
1 0.4625 0.31796875 0.0125 0.01875
1 0.47265625 0.33046875 0.0125 0.01875
1 0.48203125 0.303125 0.009375 0.01484375
1 0.46953125 0.31015625 0.01171875 0.015625
1 0.48828125 0.2984375 0.00859375 0.01328125
1 0.49765625 0.303125 0.01015625 0.01328125
1 0.509375 0.2953125 0.009375 0.01484375
1 0.5234375 0.2984375 0.009375 0.0140625
1 0.5375 0.29140625 0.009375 0.01171875
1 0.27734375 0.34453125 0.01875 0.0234375
1 0.2703125 0.31484375 0.01875 0.0203125
1 0.22109375 0.35546875 0.025 0.02890625
1 0.2375 0.34140625 0.02265625 0.028125
1 0.20625 0.33515625 0.02265625 0.025
1 0.1625 0.35859375 0.028125 0.03046875
1 0.178125 0.396875 0.0375 0.0375
1 0.1046875 0.3640625 0.03515625 0.03203125
1 0.0859375 0.403125 0.0453125 0.04375