3 0.23828125 0.51640625 0.06171875 0.1046875
1 0.05546875 0.7890625 0.1109375 0.1734375
1 0.0484375 0.64140625 0.096875 0.1265625
2 0.159375 0.4375 0.0234375 0.0609375
3 0.62265625 0.48359375 0.0515625 0.0875
1 0.9171875 0.603125 0.1 0.08359375
1 0.88203125 0.88671875 0.1734375 0.2015625
2 0.8796875 0.52890625 0.03046875 0.07421875
1 0.75 0.46953125 0.0609375 0.0703125
1 0.67734375 0.478125 0.05625 0.06484375
2 0.659375 0.3625 0.01640625 0.04375
1 0.22421875 0.36015625 0.03515625 0.04609375
1 0.353125 0.38359375 0.0328125 0.04921875
1 0.384375 0.32578125 0.025 0.03671875
3 0.36015625 0.2796875 0.021875 0.040625
2 0.3109375 0.29609375 0.00859375 0.03125
2 0.2734375 0.31640625 0.0109375 0.03359375
2 0.640625 0.3328125 0.01015625 0.0359375
1 0.59609375 0.34921875 0.02734375 0.0359375
1 0.55625 0.3390625 0.02265625 0.03515625