1 0.08984375 0.7125 0.1109375 0.1453125
1 0.0875 0.58359375 0.08359375 0.10390625
1 0.253125 0.48671875 0.05390625 0.0890625
2 0.175 0.42109375 0.01796875 0.05859375
1 0.2359375 0.35234375 0.03671875 0.0453125
2 0.28203125 0.3109375 0.01328125 0.034375
2 0.31875 0.28984375 0.0125 0.03515625
2 0.3984375 0.246875 0.00546875 0.02578125
2 0.92421875 0.56171875 0.03515625 0.08125
2 0.6921875 0.37578125 0.01484375 0.05
2 0.646875 0.34140625 0.0109375 0.03515625
2 0.59375 0.23203125 0.0046875 0.01640625
2 0.5984375 0.240625 0.0046875 0.015625
2 0.6 0.2234375 0.00390625 0.01484375
1 0.60546875 0.28046875 0.0140625 0.02421875
1 0.59609375 0.296875 0.01796875 0.02734375
1 0.57421875 0.30703125 0.01796875 0.028125
1 0.5453125 0.30625 0.01640625 0.02890625
1 0.54140625 0.2734375 0.0140625 0.021875
1 0.571875 0.2796875 0.0140625 0.0234375
3 0.59609375 0.26171875 0.01171875 0.02734375
1 0.54765625 0.2484375 0.0109375 0.01640625
1 0.56640625 0.2484375 0.0109375 0.0171875
1 0.58046875 0.2578125 0.0125 0.01875
1 0.58359375 0.24609375 0.0109375 0.015625
1 0.578125 0.240625 0.00859375 0.01484375
1 0.56328125 0.2359375 0.009375 0.01328125
1 0.553125 0.2390625 0.00859375 0.0140625
1 0.55078125 0.2296875 0.00859375 0.01328125
1 0.57578125 0.23125 0.0078125 0.0125
1 0.60078125 0.36015625 0.028125 0.03828125
3 0.55859375 0.34765625 0.02265625 0.03828125
1 0.64140625 0.28203125 0.01640625 0.02265625
1 0.77265625 0.49296875 0.06171875 0.0703125
1 0.7046875 0.50546875 0.04609375 0.06640625
3 0.63671875 0.509375 0.05390625 0.0890625
1 0.934375 0.95078125 0.13125 0.09765625
1 0.95546875 0.6484375 0.08828125 0.09921875
1 0.359375 0.36953125 0.02890625 0.04453125
1 0.3890625 0.3171875 0.02421875 0.0359375
1 0.38671875 0.290625 0.01953125 0.025
1 0.38671875 0.265625 0.01640625 0.02265625
1 0.3640625 0.2765625 0.01953125 0.0375
1 0.43046875 0.26953125 0.01484375 0.02578125
1 0.41484375 0.2640625 0.01484375 0.025
1 0.4046875 0.25078125 0.01328125 0.01875
1 0.42734375 0.23671875 0.01171875 0.0171875
2 0.43515625 0.2375 0.00546875 0.0171875
1 0.44453125 0.2390625 0.01171875 0.0171875
1 0.4078125 0.23984375 0.0125 0.01640625
0 0.446875 0.28046875 0.02265625 0.07265625