1 0.834375 0.9046875 0.1375 0.1609375
1 0.21328125 0.8453125 0.1 0.16484375
1 0.06171875 0.65546875 0.0875 0.10703125
1 0.34453125 0.49140625 0.03984375 0.05703125
1 0.28515625 0.4484375 0.03828125 0.0515625
1 0.2328125 0.4640625 0.03828125 0.05
1 0.16171875 0.51875 0.05 0.0703125
1 0.603125 0.51953125 0.04140625 0.05390625
2 0.1390625 0.6734375 0.03203125 0.09453125
2 0.71640625 0.50625 0.015625 0.05390625
2 0.65859375 0.50546875 0.015625 0.06328125
1 0.29375 0.40234375 0.0265625 0.03203125
1 0.35625 0.4078125 0.02578125 0.03671875
1 0.65078125 0.47265625 0.02890625 0.03984375
1 0.63203125 0.434375 0.02265625 0.03359375
1 0.59765625 0.43828125 0.02421875 0.03203125
1 0.546875 0.41171875 0.01953125 0.0296875