3 0.24921875 0.71796875 0.07578125 0.17578125
1 0.15234375 0.6546875 0.08125 0.1015625
1 0.30859375 0.546875 0.04375 0.07578125
3 0.28203125 0.45 0.03515625 0.0515625
1 0.203125 0.484375 0.04375 0.05390625
1 0.24765625 0.44609375 0.03359375 0.040625
2 0.30234375 0.40078125 0.01328125 0.05
1 0.71015625 0.6265625 0.06171875 0.0796875
1 0.6234375 0.58046875 0.04921875 0.071875
1 0.63203125 0.50390625 0.03984375 0.05546875
1 0.5828125 0.5015625 0.03203125 0.059375
1 0.56015625 0.45 0.02734375 0.04453125
1 0.5984375 0.45625 0.03046875 0.03515625
1 0.68984375 0.50078125 0.021875 0.05390625
1 0.3359375 0.421875 0.0265625 0.03671875
1 0.3390625 0.38515625 0.0203125 0.028125
1 0.40546875 0.39375 0.02109375 0.02890625
1 0.390625 0.36015625 0.0171875 0.02265625
1 0.38125 0.3515625 0.015625 0.02265625
1 0.4265625 0.34609375 0.015625 0.021875
1 0.403125 0.3375 0.01328125 0.0203125
1 0.43359375 0.32734375 0.0109375 0.0171875
1 0.44296875 0.3375 0.01171875 0.01796875
1 0.58203125 0.41875 0.02265625 0.03046875
1 0.62734375 0.3953125 0.0171875 0.02578125
1 0.59296875 0.3859375 0.01640625 0.02421875
1 0.55 0.41015625 0.02109375 0.03203125
1 0.56015625 0.375 0.015625 0.025
1 0.56171875 0.35546875 0.0140625 0.01796875
1 0.55859375 0.34140625 0.01171875 0.01953125
1 0.59453125 0.35703125 0.0125 0.01953125
1 0.57890625 0.3375 0.01015625 0.0171875
1 0.59609375 0.34296875 0.0109375 0.0140625
1 0.54453125 0.3375 0.01015625 0.01875
1 0.63671875 0.35546875 0.01953125 0.0359375
1 0.465625 0.32265625 0.01015625 0.01484375
1 0.53828125 0.39140625 0.009375 0.021875
2 0.6140625 0.40078125 0.00859375 0.0328125
1 0.8984375 0.9671875 0.146875 0.065625
1 0.96484375 0.75078125 0.0703125 0.1203125