1 0.9265625 0.9109375 0.1390625 0.15078125
1 0.790625 0.865625 0.1171875 0.14375
1 0.22734375 0.746875 0.0765625 0.14140625
1 0.1109375 0.7640625 0.1078125 0.16640625
1 0.23359375 0.596875 0.05859375 0.08828125
1 0.3265625 0.53203125 0.04140625 0.06484375
1 0.2421875 0.4828125 0.03828125 0.053125
1 0.16015625 0.5078125 0.05234375 0.053125
1 0.31484375 0.44921875 0.03125 0.04140625
1 0.37109375 0.4484375 0.02734375 0.040625
1 0.3109375 0.41640625 0.02734375 0.04140625
1 0.6140625 0.5484375 0.05078125 0.05546875
1 0.63515625 0.50546875 0.03671875 0.0484375
1 0.571875 0.46796875 0.0296875 0.04609375
1 0.653125 0.46640625 0.0328125 0.04375
1 0.3484375 0.38671875 0.02265625 0.028125
1 0.36953125 0.37265625 0.01875 0.0265625
1 0.39609375 0.37734375 0.01875 0.025
1 0.425 0.37265625 0.0171875 0.02421875
1 0.396875 0.3578125 0.0171875 0.01875
1 0.38671875 0.34921875 0.01328125 0.01953125
1 0.3453125 0.3671875 0.0171875 0.0171875
1 0.4375 0.35703125 0.01484375 0.02265625
1 0.44453125 0.33359375 0.01171875 0.0171875
3 0.46484375 0.3171875 0.009375 0.0234375
2 0.3859375 0.39921875 0.0078125 0.0359375
2 0.61328125 0.371875 0.00625 0.021875
2 0.58984375 0.3109375 0.00390625 0.01328125
2 0.56875 0.3546875 0.00546875 0.02265625
1 0.58203125 0.36875 0.01640625 0.02578125
1 0.5484375 0.3609375 0.01171875 0.01953125
1 0.54296875 0.39296875 0.0171875 0.02578125
1 0.54375 0.34140625 0.0109375 0.0171875
1 0.59609375 0.353125 0.0125 0.01640625
1 0.58203125 0.3421875 0.0109375 0.01640625
1 0.56328125 0.33984375 0.0109375 0.015625
1 0.54921875 0.33046875 0.009375 0.01328125
1 0.56328125 0.328125 0.009375 0.01328125
1 0.55390625 0.31796875 0.0078125 0.0125
1 0.59609375 0.31875 0.00859375 0.0125