1 0.25546875 0.890625 0.0984375 0.15546875
1 0.3046875 0.6703125 0.059375 0.0921875
1 0.50859375 0.61328125 0.04140625 0.0734375
1 0.4328125 0.60390625 0.0421875 0.0703125
1 0.38671875 0.56015625 0.040625 0.0640625
1 0.321875 0.52578125 0.0421875 0.053125
1 0.48046875 0.503125 0.03359375 0.05390625
1 0.44296875 0.45546875 0.02734375 0.04296875
1 0.3484375 0.45703125 0.03125 0.04453125
1 0.40546875 0.4359375 0.0265625 0.04140625
1 0.428125 0.3953125 0.02265625 0.03203125
1 0.45234375 0.35859375 0.01640625 0.02109375
1 0.48515625 0.38203125 0.01796875 0.02734375
1 0.50859375 0.3875 0.0171875 0.02578125
1 0.26328125 0.61328125 0.0578125 0.07890625
3 0.38203125 0.4984375 0.0359375 0.05859375
3 0.48984375 0.446875 0.02734375 0.0640625
3 0.4125 0.3703125 0.01875 0.04140625
2 0.475 0.4078125 0.0078125 0.0328125
2 0.5265625 0.3375 0.00625 0.02265625
1 0.50234375 0.34453125 0.01328125 0.02265625
1 0.48046875 0.35078125 0.01484375 0.0234375
1 0.4546875 0.33828125 0.0140625 0.0203125
1 0.4625 0.32890625 0.01171875 0.0171875
1 0.48125 0.33046875 0.01328125 0.01640625
1 0.46953125 0.32109375 0.01171875 0.015625
1 0.4921875 0.3171875 0.01015625 0.01484375
1 0.5078125 0.33359375 0.0125 0.015625
1 0.50625 0.31796875 0.0109375 0.01484375
2 0.52109375 0.325 0.0046875 0.01875
2 0.52578125 0.31640625 0.00546875 0.01640625
1 0.53359375 0.30546875 0.009375 0.0140625
3 0.51328125 0.30703125 0.01015625 0.02109375
1 0.5046875 0.29921875 0.0078125 0.0125
1 0.27734375 0.33046875 0.01953125 0.021875
1 0.26953125 0.36015625 0.025 0.02578125
1 0.2171875 0.35078125 0.02578125 0.02578125
1 0.23828125 0.37734375 0.02734375 0.0296875
1 0.203125 0.3984375 0.03359375 0.0359375
1 0.1328125 0.4 0.03828125 0.04140625
1 0.10546875 0.375 0.03515625 0.0359375
1 0.096875 0.45078125 0.05234375 0.05234375
1 0.03515625 0.44609375 0.05625 0.05
1 0.0703125 0.3921875 0.02109375 0.034375
1 0.046875 0.41015625 0.0453125 0.03359375
1 0.009375 0.40859375 0.01875 0.0390625
1 0.10546875 0.9640625 0.125 0.07109375