2 0.0765625 0.55234375 0.0328125 0.10390625
2 0.20625 0.3875 0.021875 0.071875
2 0.6296875 0.85078125 0.0453125 0.1640625
2 0.71484375 0.40078125 0.01796875 0.06015625
2 0.69453125 0.403125 0.01953125 0.05546875
2 0.29921875 0.30234375 0.015625 0.0390625
1 0.16015625 0.59453125 0.08828125 0.1109375
1 0.1546875 0.49921875 0.071875 0.09453125
1 0.259375 0.334375 0.0328125 0.04375
1 0.375 0.34453125 0.02578125 0.04609375
1 0.39921875 0.30546875 0.025 0.04140625
1 0.615625 0.3796875 0.0328125 0.05546875
1 0.8375 0.553125 0.08203125 0.1015625
1 0.771875 0.58828125 0.0765625 0.096875
3 0.56640625 0.3671875 0.02890625 0.053125
3 0.2765625 0.4375 0.0484375 0.06953125
1 0.5484375 0.31953125 0.01953125 0.03203125
1 0.5796875 0.31796875 0.02109375 0.0390625
1 0.603125 0.3078125 0.01953125 0.03671875
3 0.3765625 0.26875 0.01796875 0.05078125