0 0.5546875 0.56484375 0.13359375 0.30234375
0 0.39609375 0.55234375 0.09375 0.28359375
1 0.16328125 0.89296875 0.1328125 0.2140625
1 0.17109375 0.6296875 0.08828125 0.1421875
3 0.29453125 0.55859375 0.0609375 0.1359375
1 0.1765625 0.43046875 0.05 0.07109375
1 0.23203125 0.42890625 0.03671875 0.06171875
4 0.27578125 0.42265625 0.0625 0.1484375
1 0.36171875 0.3859375 0.0328125 0.05546875
1 0.73359375 0.57109375 0.0640625 0.08046875
3 0.62421875 0.40625 0.028125 0.04296875
1 0.5921875 0.36484375 0.02109375 0.03203125
1 0.61796875 0.346875 0.01953125 0.028125
1 0.56875 0.3265625 0.01484375 0.02578125
1 0.5453125 0.31015625 0.01640625 0.025
1 0.54921875 0.28671875 0.01171875 0.01953125
1 0.64453125 0.31796875 0.0171875 0.02265625
3 0.58359375 0.315625 0.0140625 0.02890625
1 0.42421875 0.3140625 0.01640625 0.02578125
1 0.41328125 0.33203125 0.01796875 0.028125
1 0.3875 0.35546875 0.021875 0.03203125
1 0.37109375 0.3375 0.02109375 0.03046875
1 0.340625 0.36484375 0.02578125 0.03671875
1 0.3296875 0.33828125 0.02265625 0.0328125
1 0.40390625 0.28125 0.015625 0.02265625
1 0.5921875 0.2734375 0.009375 0.01484375
1 0.4484375 0.27890625 0.01171875 0.01953125
1 0.42578125 0.27421875 0.01328125 0.0171875
3 0.44140625 0.25625 0.0109375 0.0203125
1 0.55546875 0.2625 0.009375 0.0140625
1 0.56953125 0.259375 0.00859375 0.01328125
1 0.47265625 0.25859375 0.01015625 0.0140625