1 0.059375 0.7734375 0.11484375 0.15859375
1 0.053125 0.63125 0.09921875 0.12890625
1 0.22734375 0.3578125 0.0375 0.04609375
1 0.3546875 0.38125 0.0328125 0.05078125
2 0.1609375 0.43359375 0.01875 0.0625
3 0.240625 0.5125 0.059375 0.0984375
1 0.384375 0.32421875 0.02421875 0.034375
1 0.38359375 0.2953125 0.0203125 0.0265625
3 0.36015625 0.2796875 0.0203125 0.0375
1 0.384375 0.26796875 0.01484375 0.02265625
1 0.4125 0.265625 0.01640625 0.021875
1 0.42890625 0.27265625 0.0171875 0.02734375
1 0.4015625 0.253125 0.01328125 0.01875
1 0.40625 0.23984375 0.01328125 0.01171875
1 0.42265625 0.2546875 0.01484375 0.01640625
1 0.42578125 0.2375 0.0109375 0.0140625
1 0.44296875 0.240625 0.0109375 0.015625
1 0.4390625 0.2296875 0.0109375 0.01640625
1 0.44453125 0.22265625 0.00859375 0.0140625
1 0.4671875 0.228125 0.0109375 0.01484375
2 0.3125 0.29453125 0.00859375 0.02890625
2 0.27421875 0.3171875 0.009375 0.03046875
2 0.3953125 0.24765625 0.0046875 0.01875
2 0.4328125 0.23984375 0.0046875 0.015625
0 0.44609375 0.2828125 0.021875 0.06953125
2 0.59921875 0.2234375 0.00390625 0.0140625
2 0.59375 0.23125 0.00390625 0.0140625
2 0.59765625 0.23984375 0.0046875 0.015625
2 0.64140625 0.334375 0.01015625 0.0328125
2 0.659375 0.36484375 0.01171875 0.040625
2 0.6875 0.36875 0.00859375 0.04453125
1 0.596875 0.3515625 0.02578125 0.0359375
3 0.55625 0.33984375 0.021875 0.03515625
1 0.59453125 0.29375 0.0171875 0.02734375
1 0.57265625 0.30390625 0.01640625 0.028125
1 0.54453125 0.303125 0.015625 0.02578125
1 0.54140625 0.2703125 0.01328125 0.021875
1 0.571875 0.27734375 0.01328125 0.021875
1 0.6046875 0.2765625 0.0140625 0.02109375
3 0.59609375 0.259375 0.0109375 0.02578125
1 0.58046875 0.25625 0.0125 0.0171875
1 0.56640625 0.246875 0.0109375 0.01640625
1 0.54765625 0.24453125 0.01171875 0.0171875
1 0.584375 0.24296875 0.01015625 0.0125
1 0.5625 0.2328125 0.00859375 0.01328125
1 0.6421875 0.28515625 0.01640625 0.02265625
3 0.628125 0.48671875 0.05546875 0.0828125
1 0.753125 0.47265625 0.05546875 0.06640625
1 0.6796875 0.48125 0.05234375 0.06171875
1 0.92578125 0.6109375 0.1046875 0.08984375
2 0.8875 0.53359375 0.03203125 0.0734375
1 0.9 0.89765625 0.2 0.2046875