1 0.490625 0.46484375 0.03515625 0.06484375
1 0.3625 0.515625 0.0421875 0.084375
1 0.25 0.5828125 0.06796875 0.08828125
1 0.346875 0.4078125 0.0390625 0.04921875
1 0.4046875 0.44609375 0.03359375 0.059375
1 0.440625 0.38515625 0.0265625 0.04765625
1 0.41015625 0.32578125 0.0234375 0.03671875
1 0.45390625 0.3578125 0.02421875 0.03828125
1 0.49140625 0.28984375 0.01796875 0.0234375
1 0.428125 0.27890625 0.01953125 0.02890625
1 0.2234375 0.2734375 0.0296875 0.0328125
2 0.209375 0.26171875 0.01171875 0.034375
2 0.50859375 0.28984375 0.0078125 0.02890625
2 0.48125 0.28125 0.00546875 0.0265625
3 0.459375 0.26953125 0.01640625 0.025
1 0.53359375 0.23828125 0.0109375 0.015625
1 0.5046875 0.24921875 0.01171875 0.01796875
1 0.484375 0.265625 0.01328125 0.02109375
1 0.471875 0.25390625 0.0125 0.015625
1 0.51796875 0.24375 0.01171875 0.015625
1 0.50390625 0.228125 0.01015625 0.0125
1 0.49296875 0.2296875 0.009375 0.01328125
1 0.484375 0.2390625 0.01171875 0.015625
1 0.51875 0.23125 0.0109375 0.0125
1 0.0984375 0.28671875 0.0375 0.03203125
1 0.0875 0.3421875 0.0515625 0.04765625
1 0.025 0.39765625 0.05 0.0640625