3 0.2078125 0.58515625 0.07109375 0.1453125
1 0.775 0.72734375 0.1171875 0.1296875
1 0.64609375 0.4390625 0.03984375 0.053125
1 0.71875 0.4375 0.0484375 0.059375
1 0.8484375 0.540625 0.0765625 0.07421875
1 0.33984375 0.409375 0.034375 0.05703125
1 0.3734375 0.33828125 0.02734375 0.03828125
1 0.375 0.303125 0.02265625 0.02890625
3 0.34921875 0.2875 0.02265625 0.04375
3 0.603125 0.446875 0.04296875 0.0765625
3 0.553125 0.325 0.0203125 0.03828125
3 0.59609375 0.25546875 0.0125 0.034375
1 0.58984375 0.340625 0.02265625 0.03828125
2 0.64453125 0.3453125 0.01171875 0.03671875
2 0.63125 0.32265625 0.01015625 0.03671875
2 0.2984375 0.303125 0.0109375 0.0375
2 0.2578125 0.3296875 0.01484375 0.040625
2 0.12578125 0.46875 0.0234375 0.07265625
1 0.203125 0.37734375 0.04375 0.05390625
1 0.54375 0.2953125 0.01484375 0.0234375
1 0.378125 0.2734375 0.0171875 0.0234375
1 0.4234375 0.28046875 0.01875 0.028125
1 0.4078125 0.27109375 0.01484375 0.02265625
1 0.3953125 0.25625 0.01484375 0.01953125
1 0.440625 0.24375 0.01171875 0.0171875
1 0.4359375 0.23125 0.009375 0.01796875
1 0.421875 0.240625 0.0109375 0.01796875
2 0.428125 0.2421875 0.00546875 0.01953125
0 0.446875 0.28203125 0.0234375 0.0625
1 0.56953125 0.29609375 0.0171875 0.02421875
1 0.5921875 0.2875 0.01640625 0.0234375
1 0.54296875 0.2671875 0.01328125 0.0203125
1 0.571875 0.2734375 0.01328125 0.021875
1 0.603125 0.2734375 0.0125 0.01953125
1 0.6421875 0.28515625 0.01484375 0.021875
1 0.57890625 0.253125 0.01328125 0.01796875
1 0.54921875 0.2421875 0.0125 0.0171875
1 0.5671875 0.2453125 0.009375 0.015625