1 0.1703125 0.57890625 0.0796875 0.1015625
2 0.09140625 0.54140625 0.02578125 0.0953125
2 0.03046875 0.73125 0.03984375 0.1421875
2 0.61640625 0.81015625 0.0453125 0.16953125
2 0.21015625 0.3859375 0.02109375 0.06796875
2 0.71875 0.4046875 0.02109375 0.04921875
2 0.7 0.40703125 0.0171875 0.06171875
3 0.28359375 0.42734375 0.046875 0.08984375
1 0.2609375 0.33046875 0.03671875 0.04921875
1 0.375 0.34140625 0.02421875 0.05234375
2 0.303125 0.29921875 0.0125 0.03125
3 0.56875 0.3703125 0.02578125 0.04921875
1 0.61640625 0.3828125 0.03828125 0.04296875
3 0.71328125 0.596875 0.065625 0.1203125
1 0.78828125 0.609375 0.0765625 0.1078125
1 0.85234375 0.56953125 0.08671875 0.1015625
1 0.5515625 0.31796875 0.02578125 0.03671875