2 0.50078125 0.83125 0.034375 0.121875
1 0.3546875 0.6953125 0.05546875 0.09453125
1 0.2671875 0.675 0.06328125 0.09453125
1 0.0765625 0.5046875 0.053125 0.06484375
1 0.05703125 0.46875 0.05390625 0.0515625
1 0.134375 0.41171875 0.0375 0.0390625
1 0.17578125 0.415625 0.034375 0.04609375
2 0.02578125 0.41640625 0.015625 0.040625
2 0.140625 0.3859375 0.01171875 0.02421875
1 0.2 0.378125 0.02578125 0.02890625
1 0.2484375 0.4046875 0.028125 0.0296875
1 0.26484375 0.3890625 0.025 0.02890625
3 0.24765625 0.375 0.02265625 0.0375
1 0.47734375 0.4796875 0.02734375 0.040625
1 0.4078125 0.50625 0.03125 0.0453125
1 0.35234375 0.49375 0.03125 0.04375
1 0.42265625 0.46640625 0.02578125 0.03671875
1 0.3875 0.44609375 0.02421875 0.034375
1 0.40078125 0.41796875 0.02578125 0.03125
1 0.43203125 0.4171875 0.02265625 0.03359375
1 0.44609375 0.38359375 0.01640625 0.0234375
1 0.5171875 0.41640625 0.01953125 0.03203125
0 0.4703125 0.40078125 0.03203125 0.07421875
1 0.45625 0.3703125 0.0109375 0.01640625
1 0.4734375 0.35546875 0.01171875 0.0171875
1 0.496875 0.35078125 0.0125 0.015625
1 0.51484375 0.334375 0.01015625 0.0140625
3 0.528125 0.3421875 0.01015625 0.02109375
1 0.503125 0.33359375 0.0109375 0.015625
2 0.546875 0.34140625 0.00546875 0.01640625
2 0.54140625 0.340625 0.00390625 0.0171875
1 0.54453125 0.32890625 0.0078125 0.0109375
1 0.55390625 0.3265625 0.0078125 0.01171875
2 0.565625 0.32578125 0.0046875 0.0125