1 0.12265625 0.69609375 0.10234375 0.1265625
1 0.225 0.45859375 0.0484375 0.05625
4 0.0875 0.58671875 0.11640625 0.1421875
3 0.81484375 0.65625 0.0953125 0.1078125
1 0.903125 0.625 0.090625 0.08984375
1 0.10546875 0.509375 0.06171875 0.05546875
2 0.2125 0.42578125 0.02265625 0.04609375
2 0.27265625 0.38046875 0.0125 0.04453125
1 0.3015625 0.44921875 0.03359375 0.05078125
1 0.33984375 0.39453125 0.02734375 0.04140625
1 0.3625 0.42578125 0.03046875 0.0515625
1 0.34296875 0.35625 0.02265625 0.028125
1 0.36640625 0.340625 0.01796875 0.025
1 0.3828125 0.34296875 0.01953125 0.02421875
1 0.41015625 0.35234375 0.01953125 0.02890625
1 0.428125 0.33203125 0.0171875 0.02421875
1 0.40625 0.32890625 0.0171875 0.02421875
1 0.7796875 0.515625 0.05234375 0.05703125
1 0.596875 0.47109375 0.0359375 0.05390625
1 0.565625 0.41328125 0.025 0.0359375
1 0.58046875 0.38125 0.01953125 0.0296875
1 0.59140625 0.3390625 0.015625 0.025
1 0.54296875 0.33203125 0.01484375 0.0234375
3 0.5609375 0.31640625 0.01171875 0.0234375
1 0.59921875 0.31953125 0.0109375 0.01796875
1 0.5890625 0.3234375 0.01328125 0.01484375
1 0.58515625 0.3078125 0.01015625 0.01640625
1 0.54921875 0.29921875 0.009375 0.01484375
1 0.5953125 0.29375 0.009375 0.0140625
1 0.62265625 0.30546875 0.0109375 0.01484375
3 0.565625 0.2890625 0.00859375 0.0171875
1 0.5765625 0.28125 0.00703125 0.01171875
1 0.59296875 0.28359375 0.00703125 0.01171875
1 0.5703125 0.27578125 0.00625 0.0125
2 0.603125 0.2703125 0.0046875 0.01171875
3 0.5546875 0.2875 0.00859375 0.01640625
3 0.42109375 0.31015625 0.01484375 0.03359375
1 0.4078125 0.31171875 0.0125 0.0171875
2 0.40625 0.296875 0.00703125 0.01796875
1 0.43828125 0.30546875 0.01328125 0.01796875
1 0.453125 0.29765625 0.0109375 0.01796875
1 0.44453125 0.28828125 0.0109375 0.01328125
1 0.42890625 0.28984375 0.009375 0.01328125
1 0.4703125 0.27578125 0.00859375 0.0140625